0       0.5     0.5     0.5     0.0
10      1.9     1.7     1.7     0.0
20      2.0     1.9     1.8     0.0
30      2.1     2.0     1.8     0.0
40      2.2     2.1     1.9     0.0
50      2.4     2.2     2.0     0.0
60      2.5     2.3     2.0     0.0
70      2.7     2.4     2.1     0.0
80      2.8     2.6     2.1     0.0
90      2.9     2.7     2.2     0.0
100     3.0     2.8     2.3     0.0
110     3.1     2.9     2.3     0.0
120     3.3     3.0     2.4     0.0
130     3.4     3.1     2.5     0.0
140     3.6     3.2     2.6     0.0
150     3.7     3.3     2.7     0.0
160     3.9     3.5     2.7     0.0
170     4.0     3.6     2.8     0.0
180     4.1     3.7     2.9     0.0
190     4.3     3.8     2.9     0.0
200     4.4     3.9     3.0     0.0