0       1012.0
10      636.3
20      474.6
30      356.4
40      266.5
50      195.5
60      142.3
70      103.8
80      76.3
90      55.2
100     40.1
110     28.6
120     20.8
130     14.9
140     11.5
150     8.9
160     6.6
170     5.0
180     3.9
190     3.0
200     2.5
210     2.0
220     1.7
230     1.5
240     1.3
250     1.1
260     9.9e-01
270     9.0e-01
280     8.2e-01
290     7.5e-01
300     6.7e-01
310     6.3e-01
320     5.9e-01
330     5.4e-01
340     5.1e-01
350     4.8e-01
360     4.5e-01
370     4.2e-01
380     4.0e-01
390     3.8e-01
400     3.6e-01
410     3.4e-01
420     3.3e-01
430     3.0e-01
440     2.9e-01
450     2.8e-01
460     2.7e-01
470     2.6e-01
480     2.4e-01
490     2.3e-01
500     2.2e-01
510     2.2e-01
520     2.1e-01
530     2.0e-01
540     2.0e-01
550     1.9e-01
560     1.9e-01
570     1.8e-01
580     1.7e-01
590     1.7e-01
600     1.6e-01