0       9.9      50.3        99.7
10      32.0     76.3        143.8
20      35.0     94.2        181.7
30      38.0     112.2       214.7
40      41.0     130.0       249.0
50      43.0     147.9       283.4
60      45.0     165.8       317.7
70      48.0     183.7       351.8
80      51.0     202.5       382.5
90      55.0     220.4       416.5
100     57.0     238.2       450.4
110     60.0     256.1       487.2
120     62.0     274.0       520.3
130     64.0     291.9       553.1
140     66.0     309.7       585.5
150     68.0     327.5       617.1
160     72.0     345.5       648.0
170     75.0     363.3       678.0
180     78.0     381.2       707.1
190     80.0     399.0       735.2
200     82.0     416.6       762.2