0       4.94e-05    6.95e-05    1.02e-04    2.07e-04    
5       0.000144    2.11e-04    2.52e-04    6.41e-04    
10      0.000207    3.14e-04    4.26e-04    1.38e-03    
15      0.000281    4.08e-04    6.08e-04    2.51e-03    
20      0.000344    4.98e-04    9.12e-04    3.60e-03    
25      0.000405    6.72e-04    1.21e-03    4.99e-03    
30      0.000469    8.47e-04    1.63e-03    6.08e-03    
35      0.000563    1.07e-03    2.09e-03    8.01e-03    
40      0.000679    1.29e-03    2.61e-03    9.89e-03    
45      0.000794    1.51e-03    3.07e-03    1.07e-02    
50      0.000946    1.80e-03    3.59e-03    1.16e-02    
55      0.00107     2.10e-03    4.22e-03    1.25e-02    
60      0.00123     2.48e-03    4.87e-03    1.38e-02    
65      0.00139     2.77e-03    5.13e-03    1.48e-02    
70      0.00157     3.10e-03    5.68e-03    1.60e-02    
75      0.00173     3.45e-03    6.25e-03    1.75e-02    
80      0.00196     3.79e-03    6.89e-03    1.91e-02    
85      0.00218     4.23e-03    7.57e-03    2.02e-02    
90      0.00242     4.66e-03    8.66e-03    2.12e-02    
95      0.00263     4.96e-03    9.24e-03    2.22e-02    
100     0.00284     5.13e-03    1.01e-02    2.31e-02    
105     0.00309     5.42e-03    1.05e-02    2.44e-02    
110     0.00334     5.84e-03    1.07e-02    2.54e-02    
115     0.00357     6.13e-03    1.11e-02    2.65e-02    
120     0.00383     6.55e-03    1.16e-02    2.78e-02    
