0       5.01e-03    4.98e-03    5.03e-03    0.0     0.0
5       1.65e-03    3.47e-04    1.76e-03    0.0     0.0
6       1.23e-03    2.98e-04    6.85e-04    0.0     0.0
7       6.91e-04    2.23e-04    6.11e-04    0.0     0.0
8       4.37e-04    1.56e-04    3.72e-04    0.0     0.0
9       3.10e-04    1.13e-04    2.73e-04    0.0     0.0
10      2.67e-04    8.79e-05    2.03e-04    0.0     0.0
11      1.67e-04    7.19e-05    1.44e-04    0.0     0.0
12      1.29e-04    5.75e-05    1.05e-04    0.0     0.0
13      9.21e-05    4.29e-05    8.79e-05    0.0     0.0
14      8.58e-05    3.63e-05    6.33e-05    0.0     0.0
15      5.92e-05    2.93e-05    5.25e-05    0.0     0.0
20      2.47e-05    1.49e-05    2.06e-05    0.0     0.0
25      1.46e-05    1.15e-05    1.30e-05    0.0     0.0
30      1.18e-05    1.01e-05    1.08e-05    0.0     0.0
35      1.04e-05    9.34e-06    9.65e-06    0.0     0.0
40      9.63e-06    8.65e-06    8.90e-06    0.0     0.0
45      9.10e-06    8.21e-06    8.40e-06    0.0     0.0
50      8.59e-06    7.78e-06    7.92e-06    0.0     0.0
55      8.17e-06    7.50e-06    7.55e-06    0.0     0.0
60      7.80e-06    7.21e-06    7.23e-06    0.0     0.0
65      7.52e-06    6.97e-06    6.98e-06    0.0     0.0
70      7.27e-06    6.79e-06    6.78e-06    0.0     0.0
75      7.05e-06    6.61e-06    6.55e-06    0.0     0.0
80      6.89e-06    6.43e-06    6.40e-06    0.0     0.0
85      6.71e-06    6.27e-06    6.23e-06    0.0     0.0
90      6.57e-06    6.16e-06    6.12e-06    0.0     0.0
95      6.40e-06    6.02e-06    6.00e-06    0.0     0.0
100     6.28e-06    5.93e-06    5.87e-06    0.0     0.0
105     6.15e-06    5.83e-06    5.76e-06    0.0     0.0
110     6.06e-06    5.74e-06    5.67e-06    0.0     0.0
115     5.99e-06    5.65e-06    5.59e-06    0.0     0.0
120     5.87e-06    5.59e-06    5.51e-06    0.0     0.0